<?xml version="1.0" encoding="UTF-8" standalone="no" ?>
<COLLADA xmlns="http://www.collada.org/2005/11/COLLADASchema" version="1.4.1">
    <asset>
        <contributor>
            <authoring_tool>SketchUp 17.0.18899</authoring_tool>
        </contributor>
        <created>2017-03-21T02:59:31Z</created>
        <modified>2017-03-21T02:59:31Z</modified>
        <unit meter="0.0254" name="inch" />
        <up_axis>Z_UP</up_axis>
    </asset>
    <library_cameras>
        <camera id="ID1" name="skp_camera_Last_Saved_SketchUp_View">
            <optics>
                <technique_common>
                    <perspective>
                        <yfov>35</yfov>
                        <aspect_ratio>0</aspect_ratio>
                        <znear>1</znear>
                        <zfar>1000</zfar>
                    </perspective>
                </technique_common>
            </optics>
        </camera>
        <camera id="ID2" name="skp_camera_Scene_1">
            <optics>
                <technique_common>
                    <perspective>
                        <yfov>35</yfov>
                        <aspect_ratio>0</aspect_ratio>
                        <znear>1</znear>
                        <zfar>1000</zfar>
                    </perspective>
                </technique_common>
            </optics>
        </camera>
        <camera id="ID3" name="skp_camera_Scene_2">
            <optics>
                <technique_common>
                    <perspective>
                        <yfov>35</yfov>
                        <aspect_ratio>0</aspect_ratio>
                        <znear>1</znear>
                        <zfar>1000</zfar>
                    </perspective>
                </technique_common>
            </optics>
        </camera>
        <camera id="ID4" name="skp_camera_Scene_3">
            <optics>
                <technique_common>
                    <perspective>
                        <yfov>35</yfov>
                        <aspect_ratio>0</aspect_ratio>
                        <znear>1</znear>
                        <zfar>1000</zfar>
                    </perspective>
                </technique_common>
            </optics>
        </camera>
        <camera id="ID5" name="skp_camera_Scene_4">
            <optics>
                <technique_common>
                    <perspective>
                        <yfov>35</yfov>
                        <aspect_ratio>0</aspect_ratio>
                        <znear>1</znear>
                        <zfar>1000</zfar>
                    </perspective>
                </technique_common>
            </optics>
        </camera>
        <camera id="ID6" name="skp_camera_Scene_5">
            <optics>
                <technique_common>
                    <perspective>
                        <yfov>35</yfov>
                        <aspect_ratio>0</aspect_ratio>
                        <znear>1</znear>
                        <zfar>1000</zfar>
                    </perspective>
                </technique_common>
            </optics>
        </camera>
        <camera id="ID7" name="skp_camera_Scene_6">
            <optics>
                <technique_common>
                    <perspective>
                        <yfov>35</yfov>
                        <aspect_ratio>0</aspect_ratio>
                        <znear>1</znear>
                        <zfar>1000</zfar>
                    </perspective>
                </technique_common>
            </optics>
        </camera>
        <camera id="ID8" name="skp_camera_Scene_7">
            <optics>
                <technique_common>
                    <perspective>
                        <yfov>35</yfov>
                        <aspect_ratio>0</aspect_ratio>
                        <znear>1</znear>
                        <zfar>1000</zfar>
                    </perspective>
                </technique_common>
            </optics>
        </camera>
        <camera id="ID9" name="skp_camera_Scene_8">
            <optics>
                <technique_common>
                    <perspective>
                        <yfov>35</yfov>
                        <aspect_ratio>0</aspect_ratio>
                        <znear>1</znear>
                        <zfar>1000</zfar>
                    </perspective>
                </technique_common>
            </optics>
        </camera>
        <camera id="ID10" name="skp_camera_Scene_9">
            <optics>
                <technique_common>
                    <perspective>
                        <yfov>35</yfov>
                        <aspect_ratio>0</aspect_ratio>
                        <znear>1</znear>
                        <zfar>1000</zfar>
                    </perspective>
                </technique_common>
            </optics>
        </camera>
        <camera id="ID11" name="skp_camera_Scene_10">
            <optics>
                <technique_common>
                    <perspective>
                        <yfov>35</yfov>
                        <aspect_ratio>0</aspect_ratio>
                        <znear>1</znear>
                        <zfar>1000</zfar>
                    </perspective>
                </technique_common>
            </optics>
        </camera>
        <camera id="ID12" name="skp_camera_Scene_11">
            <optics>
                <technique_common>
                    <perspective>
                        <yfov>35</yfov>
                        <aspect_ratio>0</aspect_ratio>
                        <znear>1</znear>
                        <zfar>1000</zfar>
                    </perspective>
                </technique_common>
            </optics>
        </camera>
        <camera id="ID13" name="skp_camera_Scene_12">
            <optics>
                <technique_common>
                    <perspective>
                        <yfov>35</yfov>
                        <aspect_ratio>0</aspect_ratio>
                        <znear>1</znear>
                        <zfar>1000</zfar>
                    </perspective>
                </technique_common>
            </optics>
        </camera>
        <camera id="ID14" name="skp_camera_Scene_13">
            <optics>
                <technique_common>
                    <perspective>
                        <yfov>35</yfov>
                        <aspect_ratio>0</aspect_ratio>
                        <znear>1</znear>
                        <zfar>1000</zfar>
                    </perspective>
                </technique_common>
            </optics>
        </camera>
        <camera id="ID15" name="skp_camera_Scene_14">
            <optics>
                <technique_common>
                    <perspective>
                        <yfov>35</yfov>
                        <aspect_ratio>0</aspect_ratio>
                        <znear>1</znear>
                        <zfar>1000</zfar>
                    </perspective>
                </technique_common>
            </optics>
        </camera>
        <camera id="ID16" name="skp_camera_Scene_15">
            <optics>
                <technique_common>
                    <perspective>
                        <yfov>35</yfov>
                        <aspect_ratio>0</aspect_ratio>
                        <znear>1</znear>
                        <zfar>1000</zfar>
                    </perspective>
                </technique_common>
            </optics>
        </camera>
        <camera id="ID17" name="skp_camera_Scene_16">
            <optics>
                <technique_common>
                    <perspective>
                        <yfov>35</yfov>
                        <aspect_ratio>0</aspect_ratio>
                        <znear>1</znear>
                        <zfar>1000</zfar>
                    </perspective>
                </technique_common>
            </optics>
        </camera>
        <camera id="ID18" name="skp_camera_Scene_17">
            <optics>
                <technique_common>
                    <perspective>
                        <yfov>35</yfov>
                        <aspect_ratio>0</aspect_ratio>
                        <znear>1</znear>
                        <zfar>1000</zfar>
                    </perspective>
                </technique_common>
            </optics>
        </camera>
        <camera id="ID19" name="skp_camera_Scene_18">
            <optics>
                <technique_common>
                    <perspective>
                        <yfov>35</yfov>
                        <aspect_ratio>0</aspect_ratio>
                        <znear>1</znear>
                        <zfar>1000</zfar>
                    </perspective>
                </technique_common>
            </optics>
        </camera>
        <camera id="ID20" name="skp_camera_Scene_19">
            <optics>
                <technique_common>
                    <perspective>
                        <yfov>35</yfov>
                        <aspect_ratio>0</aspect_ratio>
                        <znear>1</znear>
                        <zfar>1000</zfar>
                    </perspective>
                </technique_common>
            </optics>
        </camera>
        <camera id="ID21" name="skp_camera_Scene_20">
            <optics>
                <technique_common>
                    <perspective>
                        <yfov>35</yfov>
                        <aspect_ratio>0</aspect_ratio>
                        <znear>1</znear>
                        <zfar>1000</zfar>
                    </perspective>
                </technique_common>
            </optics>
        </camera>
        <camera id="ID22" name="skp_camera_Scene_21">
            <optics>
                <technique_common>
                    <perspective>
                        <yfov>35</yfov>
                        <aspect_ratio>0</aspect_ratio>
                        <znear>1</znear>
                        <zfar>1000</zfar>
                    </perspective>
                </technique_common>
            </optics>
        </camera>
        <camera id="ID23" name="skp_camera_Scene_22">
            <optics>
                <technique_common>
                    <perspective>
                        <yfov>35</yfov>
                        <aspect_ratio>0</aspect_ratio>
                        <znear>1</znear>
                        <zfar>1000</zfar>
                    </perspective>
                </technique_common>
            </optics>
        </camera>
        <camera id="ID24" name="skp_camera_Scene_23">
            <optics>
                <technique_common>
                    <perspective>
                        <yfov>35</yfov>
                        <aspect_ratio>0</aspect_ratio>
                        <znear>1</znear>
                        <zfar>1000</zfar>
                    </perspective>
                </technique_common>
            </optics>
        </camera>
        <camera id="ID25" name="skp_camera_Scene_24">
            <optics>
                <technique_common>
                    <perspective>
                        <yfov>35</yfov>
                        <aspect_ratio>0</aspect_ratio>
                        <znear>1</znear>
                        <zfar>1000</zfar>
                    </perspective>
                </technique_common>
            </optics>
        </camera>
        <camera id="ID26" name="skp_camera_Scene_25">
            <optics>
                <technique_common>
                    <perspective>
                        <yfov>35</yfov>
                        <aspect_ratio>0</aspect_ratio>
                        <znear>1</znear>
                        <zfar>1000</zfar>
                    </perspective>
                </technique_common>
            </optics>
        </camera>
        <camera id="ID27" name="skp_camera_Scene_26">
            <optics>
                <technique_common>
                    <perspective>
                        <yfov>35</yfov>
                        <aspect_ratio>0</aspect_ratio>
                        <znear>1</znear>
                        <zfar>1000</zfar>
                    </perspective>
                </technique_common>
            </optics>
        </camera>
        <camera id="ID28" name="skp_camera_Scene_27">
            <optics>
                <technique_common>
                    <perspective>
                        <yfov>35</yfov>
                        <aspect_ratio>0</aspect_ratio>
                        <znear>1</znear>
                        <zfar>1000</zfar>
                    </perspective>
                </technique_common>
            </optics>
        </camera>
        <camera id="ID29" name="skp_camera_Scene_28">
            <optics>
                <technique_common>
                    <perspective>
                        <yfov>35</yfov>
                        <aspect_ratio>0</aspect_ratio>
                        <znear>1</znear>
                        <zfar>1000</zfar>
                    </perspective>
                </technique_common>
            </optics>
        </camera>
        <camera id="ID30" name="skp_camera_Scene_29">
            <optics>
                <technique_common>
                    <perspective>
                        <yfov>35</yfov>
                        <aspect_ratio>0</aspect_ratio>
                        <znear>1</znear>
                        <zfar>1000</zfar>
                    </perspective>
                </technique_common>
            </optics>
        </camera>
        <camera id="ID31" name="skp_camera_Scene_30">
            <optics>
                <technique_common>
                    <perspective>
                        <yfov>35</yfov>
                        <aspect_ratio>0</aspect_ratio>
                        <znear>1</znear>
                        <zfar>1000</zfar>
                    </perspective>
                </technique_common>
            </optics>
        </camera>
        <camera id="ID32" name="skp_camera_Scene_31">
            <optics>
                <technique_common>
                    <perspective>
                        <yfov>35</yfov>
                        <aspect_ratio>0</aspect_ratio>
                        <znear>1</znear>
                        <zfar>1000</zfar>
                    </perspective>
                </technique_common>
            </optics>
        </camera>
    </library_cameras>
    <library_visual_scenes>
        <visual_scene id="ID33">
            <node name="SketchUp">
                <node name="skp_camera_Last_Saved_SketchUp_View">
                    <matrix>-0.8237665 -0.2620468 0.5027328 19425.04 0.5669293 -0.3807625 0.7304869 22537.01 0 0.8867646 0.4622214 11954.01 0 0 0 1</matrix>
                    <instance_camera url="#ID1" />
                </node>
                <node name="skp_camera_Scene_1">
                    <matrix>-0.001552144 0.2159839 -0.9763957 16903.54 -0.9999988 -0.0003352385 0.001515509 8203.948 -1.084202e-19 0.9763969 0.2159841 22778.52 0 0 0 1</matrix>
                    <instance_camera url="#ID2" />
                </node>
                <node name="skp_camera_Scene_2">
                    <matrix>0.3163497 0.3472081 -0.882819 14467.76 -0.9486427 0.1157856 -0.2943991 11920.61 -1.387779e-17 0.9306128 0.3660052 20219.11 0 0 0 1</matrix>
                    <instance_camera url="#ID3" />
                </node>
                <node name="skp_camera_Scene_3">
                    <matrix>0.7521494 0.4838533 -0.4473893 14467.76 -0.6589926 0.552252 -0.5106334 11920.61 2.775558e-17 0.6788989 0.7342318 20219.11 0 0 0 1</matrix>
                    <instance_camera url="#ID4" />
                </node>
                <node name="skp_camera_Scene_4">
                    <matrix>0.8148104 0.5673429 -0.1191889 17065.84 -0.5797275 0.7974038 -0.1675207 17294.29 0 0.2055946 0.9786372 17340.14 0 0 0 1</matrix>
                    <instance_camera url="#ID5" />
                </node>
                <node name="skp_camera_Scene_5">
                    <matrix>0.7543998 0.6504253 -0.08847579 17599.17 -0.6564152 0.7475156 -0.1016828 19154.86 -8.326673e-17 0.1347863 0.9908747 14549.26 0 0 0 1</matrix>
                    <instance_camera url="#ID6" />
                </node>
                <node name="skp_camera_Scene_6">
                    <matrix>0.7543998 0.6504253 -0.08847579 17603.04 -0.6564152 0.7475156 -0.1016828 19159.74 -5.551115e-17 0.1347863 0.9908747 13566.28 0 0 0 1</matrix>
                    <instance_camera url="#ID7" />
                </node>
                <node name="skp_camera_Scene_7">
                    <matrix>0.7543998 0.6504253 -0.08847579 17610.79 -0.6564152 0.7475156 -0.1016828 19171.62 -5.551115e-17 0.1347863 0.9908747 12681.61 0 0 0 1</matrix>
                    <instance_camera url="#ID8" />
                </node>
                <node name="skp_camera_Scene_8">
                    <matrix>0.7977651 0.5932843 -0.1076314 17572.33 -0.6029683 0.7849526 -0.1424032 19092.01 0 0.1785026 0.9839394 12370.34 0 0 0 1</matrix>
                    <instance_camera url="#ID9" />
                </node>
                <node name="skp_camera_Scene_9">
                    <matrix>0.8355572 0.2229145 -0.5021486 16641.17 -0.5494035 0.3390183 -0.76369 17661.45 2.775558e-17 0.9139889 0.4057392 11152.3 0 0 0 1</matrix>
                    <instance_camera url="#ID10" />
                </node>
                <node name="skp_camera_Scene_10">
                    <matrix>0.5662757 0.06837331 -0.821375 15129.74 -0.8242159 0.04697572 -0.5643238 17284.15 -2.081668e-17 0.9965532 0.08295558 10450.82 0 0 0 1</matrix>
                    <instance_camera url="#ID11" />
                </node>
                <node name="skp_camera_Scene_11">
                    <matrix>0.5459682 0.4939152 -0.6767322 14620.07 -0.8378059 0.3218669 -0.4410023 17740.69 -2.775558e-17 0.8077435 0.5895341 12900.41 0 0 0 1</matrix>
                    <instance_camera url="#ID12" />
                </node>
                <node name="skp_camera_Scene_12">
                    <matrix>0.1673508 0.6282982 -0.7597598 14115.66 -0.9858974 0.1066502 -0.1289651 18905.79 0 0.7706277 0.6372856 13237.2 0 0 0 1</matrix>
                    <instance_camera url="#ID13" />
                </node>
                <node name="skp_camera_Scene_13">
                    <matrix>0.004932287 0.6603069 -0.7509797 14100.92 -0.9999878 0.003256863 -0.003704093 19398.07 -4.336809e-19 0.7509888 0.6603149 13371.24 0 0 0 1</matrix>
                    <instance_camera url="#ID14" />
                </node>
                <node name="skp_camera_Scene_14">
                    <matrix>-0.4511066 0.5963349 -0.6639937 14665.4 -0.8924701 -0.3014226 0.3356213 20735.91 2.775558e-17 0.7439954 0.6681848 13160.96 0 0 0 1</matrix>
                    <instance_camera url="#ID15" />
                </node>
                <node name="skp_camera_Scene_15">
                    <matrix>-0.7053954 0.3814999 -0.5973903 14630.83 -0.708814 -0.3796599 0.5945091 22225.41 2.775558e-17 0.8428026 0.5382228 12936.76 0 0 0 1</matrix>
                    <instance_camera url="#ID16" />
                </node>
                <node name="skp_camera_Scene_16">
                    <matrix>-0.8787888 0.2477896 -0.4078364 15528.58 -0.4772109 -0.4563071 0.751035 23052.29 -5.551115e-17 0.8546252 0.5192455 12884.28 0 0 0 1</matrix>
                    <instance_camera url="#ID17" />
                </node>
                <node name="skp_camera_Scene_17">
                    <matrix>-0.9267538 0.1588172 -0.3404475 16567.82 -0.3756693 -0.3917927 0.8398637 23158.97 2.775558e-17 0.9062425 0.4227581 12409.88 0 0 0 1</matrix>
                    <instance_camera url="#ID18" />
                </node>
                <node name="skp_camera_Scene_18">
                    <matrix>-0.9993531 -0.01816538 0.03104029 17067.12 0.03596499 -0.5047583 0.8625112 22953.41 -6.938894e-18 0.8630695 0.5050851 12190.43 0 0 0 1</matrix>
                    <instance_camera url="#ID19" />
                </node>
                <node name="skp_camera_Scene_19">
                    <matrix>-0.8418253 -0.3569278 0.4048859 18618.62 0.53975 -0.5566853 0.6314835 22160.28 0 0.750136 0.6612836 12930.41 0 0 0 1</matrix>
                    <instance_camera url="#ID20" />
                </node>
                <node name="skp_camera_Scene_20">
                    <matrix>-0.6128534 -0.67366 0.4130289 19128.09 0.7901967 -0.522471 0.3203331 20536.42 -2.775558e-17 0.5226913 0.852522 13571.57 0 0 0 1</matrix>
                    <instance_camera url="#ID21" />
                </node>
                <node name="skp_camera_Scene_21">
                    <matrix>-0.5567033 -0.8305513 -0.01630876 17325.73 0.8307114 -0.556596 -0.01092936 19154.25 1.734723e-18 -0.01963229 0.9998072 14158.62 0 0 0 1</matrix>
                    <instance_camera url="#ID22" />
                </node>
                <node name="skp_camera_Scene_22">
                    <matrix>-0.5096413 -0.4557394 -0.7297721 13645.11 0.8603869 -0.2699526 -0.432273 16960.95 -2.775558e-17 -0.8481905 0.5296912 12361.31 0 0 0 1</matrix>
                    <instance_camera url="#ID23" />
                </node>
                <node name="skp_camera_Scene_23">
                    <matrix>-0.4466534 -0.105653 -0.888447 13752.24 0.894707 -0.05274383 -0.4435283 17318.6 -6.938894e-18 -0.9930033 0.1180867 11208.55 0 0 0 1</matrix>
                    <instance_camera url="#ID24" />
                </node>
                <node name="skp_camera_Scene_24">
                    <matrix>-0.4452194 0.4463022 -0.7762693 14136.87 0.8954215 0.2219093 -0.3859748 17604.64 2.775558e-17 -0.8669317 -0.4984269 8058.038 0 0 0 1</matrix>
                    <instance_camera url="#ID25" />
                </node>
                <node name="skp_camera_Scene_25">
                    <matrix>0.5025914 0.7231408 0.4737819 20626.45 0.8645241 -0.4203982 -0.2754333 17948.06 -2.775558e-17 0.5480262 -0.8364611 4786.118 0 0 0 1</matrix>
                    <instance_camera url="#ID26" />
                </node>
                <node name="skp_camera_Scene_26">
                    <matrix>0.2895623 -0.7741878 0.5628383 21021.79 0.9571592 0.2342093 -0.1702713 18249.55 0 0.5880299 0.8088391 12866.58 0 0 0 1</matrix>
                    <instance_camera url="#ID27" />
                </node>
                <node name="skp_camera_Scene_27">
                    <matrix>0.2532457 -0.6975046 0.6703386 25011 0.967402 0.1825922 -0.1754807 15777.55 1.387779e-17 0.6929266 0.7210081 16624.94 0 0 0 1</matrix>
                    <instance_camera url="#ID28" />
                </node>
                <node name="skp_camera_Scene_28">
                    <matrix>-0.2981658 -0.4578018 0.8375648 26072.6 0.9545141 -0.1430056 0.2616338 13515.12 -1.387779e-17 0.8774776 0.4796176 19540.44 0 0 0 1</matrix>
                    <instance_camera url="#ID29" />
                </node>
                <node name="skp_camera_Scene_29">
                    <matrix>-0.8183318 -0.09271611 0.5672185 27301.33 0.5747461 -0.1320105 0.8076138 12086.55 0 0.9869027 0.1613166 19970.62 0 0 0 1</matrix>
                    <instance_camera url="#ID30" />
                </node>
                <node name="skp_camera_Scene_30">
                    <matrix>-0.8469606 -0.0755887 0.5262548 28742.41 0.5316557 -0.1204175 0.8383567 14382.28 0 0.9898414 0.142176 20359.95 0 0 0 1</matrix>
                    <instance_camera url="#ID31" />
                </node>
                <node name="skp_camera_Scene_31">
                    <matrix>-0.8469606 -0.0755887 0.5262548 22249 0.5316557 -0.1204175 0.8383567 4037.875 6.938894e-17 0.9898414 0.142176 18605.65 0 0 0 1</matrix>
                    <instance_camera url="#ID32" />
                </node>
                <node id="ID34" name="instance_0">
                    <matrix>1 0 0 15238.42 0 1 0 16812.88 0 0 1 3055.764 0 0 0 1</matrix>
                    <instance_geometry url="#ID35">
                        <bind_material>
                            <technique_common>
                                <instance_material symbol="Material2" target="#ID36">
                                    <bind_vertex_input semantic="UVSET0" input_semantic="TEXCOORD" input_set="0" />
                                </instance_material>
                            </technique_common>
                        </bind_material>
                    </instance_geometry>
                    <instance_geometry url="#ID48">
                        <bind_material>
                            <technique_common>
                                <instance_material symbol="Material2" target="#ID49">
                                    <bind_vertex_input semantic="UVSET0" input_semantic="TEXCOORD" input_set="0" />
                                </instance_material>
                            </technique_common>
                        </bind_material>
                    </instance_geometry>
                    <instance_geometry url="#ID56">
                        <bind_material>
                            <technique_common>
                                <instance_material symbol="Material2" target="#ID57">
                                    <bind_vertex_input semantic="UVSET0" input_semantic="TEXCOORD" input_set="0" />
                                </instance_material>
                            </technique_common>
                        </bind_material>
                    </instance_geometry>
                    <instance_geometry url="#ID64">
                        <bind_material>
                            <technique_common>
                                <instance_material symbol="Material2" target="#ID65">
                                    <bind_vertex_input semantic="UVSET0" input_semantic="TEXCOORD" input_set="0" />
                                </instance_material>
                            </technique_common>
                        </bind_material>
                    </instance_geometry>
                    <instance_geometry url="#ID72">
                        <bind_material>
                            <technique_common>
                                <instance_material symbol="Material2" target="#ID73">
                                    <bind_vertex_input semantic="UVSET0" input_semantic="TEXCOORD" input_set="0" />
                                </instance_material>
                            </technique_common>
                        </bind_material>
                    </instance_geometry>
                    <instance_geometry url="#ID80">
                        <bind_material>
                            <technique_common>
                                <instance_material symbol="Material2" target="#ID81">
                                    <bind_vertex_input semantic="UVSET0" input_semantic="TEXCOORD" input_set="0" />
                                </instance_material>
                            </technique_common>
                        </bind_material>
                    </instance_geometry>
                    <instance_geometry url="#ID88">
                        <bind_material>
                            <technique_common>
                                <instance_material symbol="Material2" target="#ID89">
                                    <bind_vertex_input semantic="UVSET0" input_semantic="TEXCOORD" input_set="0" />
                                </instance_material>
                            </technique_common>
                        </bind_material>
                    </instance_geometry>
                </node>
                <node id="ID94" name="instance_1">
                    <matrix>3.1416 0 0 14205.41 0 3.1416 0 15970.39 0 0 3.1416 9794.563 0 0 0 1</matrix>
                    <instance_geometry url="#ID95">
                        <bind_material>
                            <technique_common>
                                <instance_material symbol="Material2" target="#ID96">
                                    <bind_vertex_input semantic="UVSET0" input_semantic="TEXCOORD" input_set="0" />
                                </instance_material>
                            </technique_common>
                        </bind_material>
                    </instance_geometry>
                </node>
            </node>
        </visual_scene>
    </library_visual_scenes>
    <library_geometries>
        <geometry id="ID35">
            <mesh>
                <source id="ID41">
                    <float_array id="ID45" count="588">2351.7 2205.748 13819.4 2400.976 2366.532 6909.965 2394.993 2367.32 6909.965 2400.976 2199.26 13819.4 2400.976 2199.26 13819.4 2351.7 2205.748 13819.4 2400.976 2366.532 6909.965 2394.993 2367.32 6909.965 2305.781 2224.768 13819.4 2389.417 2369.63 6909.965 2305.781 2224.768 13819.4 2389.417 2369.63 6909.965 2406.96 2367.32 6909.965 2450.253 2205.748 13819.4 2450.253 2205.748 13819.4 2406.96 2367.32 6909.965 2394.993 2367.32 6909.965 2400.976 2199.233 0 2351.693 2205.721 0 2400.976 2366.532 6909.965 2400.976 2366.532 6909.965 2394.993 2367.32 6909.965 2400.976 2199.233 0 2351.693 2205.721 0 2266.35 2255.025 13819.4 2384.629 2373.304 6909.965 2266.35 2255.025 13819.4 2384.629 2373.304 6909.965 2389.417 2369.63 6909.965 2305.767 2224.744 0 2389.417 2369.63 6909.965 2305.767 2224.744 0 2412.536 2369.63 6909.965 2496.172 2224.768 13819.4 2496.172 2224.768 13819.4 2412.536 2369.63 6909.965 2450.26 2205.721 0 2406.96 2367.32 6909.965 2406.96 2367.32 6909.965 2450.26 2205.721 0 2236.093 2294.456 13819.4 2380.955 2378.092 6909.965 2380.955 2378.092 6909.965 2236.093 2294.456 13819.4 2384.629 2373.304 6909.965 2266.331 2255.005 0 2384.629 2373.304 6909.965 2266.331 2255.005 0 2417.324 2373.304 6909.965 2535.603 2255.025 13819.4 2535.603 2255.025 13819.4 2417.324 2373.304 6909.965 2496.185 2224.744 0 2412.536 2369.63 6909.965 2412.536 2369.63 6909.965 2496.185 2224.744 0 2217.073 2340.374 13819.4 2378.645 2383.668 6909.965 2378.645 2383.668 6909.965 2217.073 2340.374 13819.4 2236.07 2294.442 0 2380.955 2378.092 6909.965 2380.955 2378.092 6909.965 2236.07 2294.442 0 2565.86 2294.456 13819.4 2420.998 2378.092 6909.965 2420.998 2378.092 6909.965 2565.86 2294.456 13819.4 2535.622 2255.005 0 2417.324 2373.304 6909.965 2417.324 2373.304 6909.965 2535.622 2255.005 0 2210.586 2389.651 13819.4 2377.858 2389.651 6909.965 2377.858 2389.651 6909.965 2210.586 2389.651 13819.4 2217.047 2340.367 0 2378.645 2383.668 6909.965 2378.645 2383.668 6909.965 2217.047 2340.367 0 2584.88 2340.374 13819.4 2423.308 2383.668 6909.965 2423.2 2383.409 6909.965 2423.2 2383.409 6909.965 2423.308 2383.668 6909.965 2584.88 2340.374 13819.4 2565.883 2294.442 0 2420.998 2378.092 6909.965 2420.998 2378.092 6909.965 2565.883 2294.442 0 2378.645 2395.635 6909.965 2217.073 2438.928 13819.4 2217.073 2438.928 13819.4 2378.645 2395.635 6909.965 2210.558 2389.651 0 2377.858 2389.651 6909.965 2377.858 2389.651 6909.965 2210.558 2389.651 0 2591.367 2389.651 13819.4 2424.095 2389.651 6909.965 2424.095 2389.651 6909.965 2591.367 2389.651 13819.4 2584.906 2340.367 0 2423.308 2383.668 6909.965 2423.2 2383.409 6909.965 2423.2 2383.409 6909.965 2423.308 2383.668 6909.965 2584.906 2340.367 0 2380.955 2401.211 6909.965 2236.093 2484.847 13819.4 2236.093 2484.847 13819.4 2380.955 2401.211 6909.965 2217.047 2438.935 0 2378.645 2395.635 6909.965 2378.645 2395.635 6909.965 2217.047 2438.935 0 2584.88 2438.928 13819.4 2423.308 2395.635 6909.965 2423.308 2395.635 6909.965 2584.88 2438.928 13819.4 2591.395 2389.651 0 2424.095 2389.651 6909.965 2424.095 2389.651 6909.965 2591.395 2389.651 0 2384.629 2405.999 6909.965 2266.35 2524.278 13819.4 2266.35 2524.278 13819.4 2384.629 2405.999 6909.965 2380.955 2401.211 6909.965 2236.07 2484.86 0 2236.07 2484.86 0 2380.955 2401.211 6909.965 2420.998 2401.211 6909.965 2565.86 2484.847 13819.4 2565.86 2484.847 13819.4 2420.998 2401.211 6909.965 2423.308 2395.635 6909.965 2584.906 2438.935 0 2584.906 2438.935 0 2423.308 2395.635 6909.965 2305.781 2554.534 13819.4 2389.417 2409.673 6909.965 2305.781 2554.534 13819.4 2389.417 2409.673 6909.965 2384.629 2405.999 6909.965 2266.331 2524.297 0 2266.331 2524.297 0 2384.629 2405.999 6909.965 2417.324 2405.999 6909.965 2535.603 2524.278 13819.4 2535.603 2524.278 13819.4 2417.324 2405.999 6909.965 2420.998 2401.211 6909.965 2565.883 2484.86 0 2565.883 2484.86 0 2420.998 2401.211 6909.965 2351.7 2573.555 13819.4 2394.993 2411.982 6909.965 2351.7 2573.555 13819.4 2394.993 2411.982 6909.965 2389.417 2409.673 6909.965 2305.767 2554.558 0 2389.417 2409.673 6909.965 2305.767 2554.558 0 2412.536 2409.673 6909.965 2496.172 2554.534 13819.4 2496.172 2554.534 13819.4 2412.536 2409.673 6909.965 2417.324 2405.999 6909.965 2535.622 2524.297 0 2535.622 2524.297 0 2417.324 2405.999 6909.965 2400.976 2580.042 13819.4 2400.976 2412.77 6909.965 2400.976 2580.042 13819.4 2400.976 2412.77 6909.965 2394.993 2411.982 6909.965 2351.693 2573.581 0 2394.993 2411.982 6909.965 2351.693 2573.581 0 2406.96 2411.982 6909.965 2450.253 2573.555 13819.4 2450.253 2573.555 13819.4 2406.96 2411.982 6909.965 2496.185 2554.558 0 2412.536 2409.673 6909.965 2412.536 2409.673 6909.965 2496.185 2554.558 0 2400.976 2412.77 6909.965 2400.976 2580.069 0 2400.976 2412.77 6909.965 2400.976 2580.069 0 2450.26 2573.581 0 2406.96 2411.982 6909.965 2406.96 2411.982 6909.965 2450.26 2573.581 0</float_array>
                    <technique_common>
                        <accessor count="196" source="#ID45" stride="3">
                            <param name="X" type="float" />
                            <param name="Y" type="float" />
                            <param name="Z" type="float" />
                        </accessor>
                    </technique_common>
                </source>
                <source id="ID42">
